             2016

বৈশাখ

Sun Mon Tue Wed Thu Fri Sat
                      1   2
  3   4   5   6   7   8   9
 10  11  12  13  14  15  16
 17  18  19  20  21  22  23
 24  25  26  27  28  29  30
 31  

জ্যৈষ্ঠ

Sun Mon Tue Wed Thu Fri Sat
      1   2   3   4   5   6
  7   8   9  10  11  12  13
 14  15  16  17  18  19  20
 21  22  23  24  25  26  27
 28  29  30  31  

আষাঢ়

Sun Mon Tue Wed Thu Fri Sat
                  1   2   3
  4   5   6   7   8   9  10
 11  12  13  14  15  16  17
 18  19  20  21  22  23  24
 25  26  27  28  29  30  31
 

শ্রাবণ

Sun Mon Tue Wed Thu Fri Sat
  1   2   3   4   5   6   7
  8   9  10  11  12  13  14
 15  16  17  18  19  20  21
 22  23  24  25  26  27  28
 29  30  31  

ভাদ্র

Sun Mon Tue Wed Thu Fri Sat
              1   2   3   4
  5   6   7   8   9  10  11
 12  13  14  15  16  17  18
 19  20  21  22  23  24  25
 26  27  28  29  30  31  

আশ্বিন

Sun Mon Tue Wed Thu Fri Sat
                          1
  2   3   4   5   6   7   8
  9  10  11  12  13  14  15
 16  17  18  19  20  21  22
 23  24  25  26  27  28  29
 30  

কার্ত্তিক

Sun Mon Tue Wed Thu Fri Sat
      1   2   3   4   5   6
  7   8   9  10  11  12  13
 14  15  16  17  18  19  20
 21  22  23  24  25  26  27
 28  29  30  

অগ্রহায়ণ

Sun Mon Tue Wed Thu Fri Sat
              1   2   3   4
  5   6   7   8   9  10  11
 12  13  14  15  16  17  18
 19  20  21  22  23  24  25
 26  27  28  29  30  

পৌষ

Sun Mon Tue Wed Thu Fri Sat
                      1   2
  3   4   5   6   7   8   9
 10  11  12  13  14  15  16
 17  18  19  20  21  22  23
 24  25  26  27  28  29  30
 

মাঘ

Sun Mon Tue Wed Thu Fri Sat
  1   2   3   4   5   6   7
  8   9  10  11  12  13  14
 15  16  17  18  19  20  21
 22  23  24  25  26  27  28
 29  30  

ফাল্গুন

Sun Mon Tue Wed Thu Fri Sat
          1   2   3   4   5
  6   7   8   9  10  11  12
 13  14  15  16  17  18  19
 20  21  22  23  24  25  26
 27  28  29  30  

চৈ্ত্র

Sun Mon Tue Wed Thu Fri Sat
                  1   2   3
  4   5   6   7   8   9  10
 11  12  13  14  15  16  17
 18  19  20  21  22  23  24
 25  26  27  28  29  30  